0 1749655699270749952.png 0.0000000 0.0000000 0.0000000 0.0000000 0.0000000 0.0000000 1.0000000
2 1749655701934854400.png -0.0117572 0.0018788 0.0141984 -0.0070811 0.0023920 -0.0013635 0.9999712
4 1749655712606108928.png -0.1586104 -0.0921628 -0.0279252 0.0132838 0.0465348 -0.0001376 0.9988284
6 1749655715804734208.png -0.3156988 0.0907263 -0.1806250 -0.0275890 0.1684137 0.0097448 0.9852821
8 1749655716872610560.png -0.3260262 0.1253998 -0.1530797 -0.0063891 0.1238055 -0.0040855 0.9922775
10 1749655717937331456.png -0.4959683 0.1102053 -0.0758714 -0.0161658 0.0365962 0.0034178 0.9991935
12 1749655719006580480.png -0.5767253 0.1088860 -0.0955414 -0.0159565 -0.0497306 -0.0020282 0.9986331
14 1749655720070542080.png -0.6342953 0.0742503 -0.1670995 -0.0217361 -0.1539230 0.0102386 0.9877906
16 1749655721138125056.png -0.5381871 0.0925835 -0.2681725 -0.0111530 -0.2336451 -0.0015834 0.9722567
18 1749655722204244736.png -0.6033744 0.1022978 -0.3077961 -0.0217713 -0.1608231 -0.0065178 0.9867216
20 1749655723272667904.png -0.6373215 0.1445309 -0.5344496 -0.0184039 -0.1665761 -0.0277080 0.9854674
22 1749655724337484544.png -0.7777800 0.0982719 -0.7167308 -0.0172162 -0.1627981 0.0089630 0.9864685
24 1749655725405744896.png -0.8234778 0.1050567 -0.7985486 0.0079069 -0.1591928 0.0011739 0.9872152
26 1749655726472311040.png -0.8579500 0.0061016 -0.8662124 -0.0143868 -0.1601029 0.0032543 0.9869901
28 1749655728072182272.png -0.8708786 -0.0949705 -0.9424685 -0.0009684 -0.1605709 0.0009977 0.9870234
